5
0 5 10 8 7 
5 0 5 3 6 
10 5 0 1 3 
8 3 1 0 1 
7 6 3 1 0
20
0 13799 28369 2424 17834 2973 21456 8981 23142 22881 13461 21768 23881 6847 10777 13562 3640 5508 32573 27942 
14416 0 15499 27612 9272 21206 24047 28535 11590 28322 20928 21499 3918 29427 16667 14355 17114 22470 30921 8079
2857 16018 0 3393 28515 3957 1409 24871 27063 20427 13341 25153 13709 16372 27499 3030 15479 14838 22144 28813 
12263 6311 29577  0 14519 22157 8660 28736 9488 22862 30330 16356 16632 9801 1690 914 533 10107 1305 22819 
7801 31079 3895 10098 0 25902 1376 10780 2591 24635 25059 24566 4543 31264 8829 9517 10369 19392 20437 17705
6854 5944 25904 13799 21780  0 10292 19143 7724 7824 21025 26077 8935 8141 9083 30202 9554 6137 18856 9982
23825 11830 17145 26692 3527 4948 0 13314 17609 29039 5322 13516 9723 29008 1909 26420 30758 26010 27541 15138
9864 681 20120 12278 19468 8678 14883 0 9666 17568 13138 29404 27583 570 23473 25727 11410 10105 4695 23477
9161 28909 30884 6442 11044 25860 9236 23659 0 10523 6552 11009 16397 15669 7461 29440 9100 12689 14493 1768 
27258 15424 19945 6518 2920 30178 3588 20638 17437 0 7678 8385 1146 19335 20650 7987 17370 1271 13296 28856 
12163 2848 24179 12713 5126 25686 19431 28369 21780 1017 0 16726 25004 1141 7429 5140 17285 29949 3197 5962 
28889 32557 32522 17577 26511 5723 705 7185 18476 7927 24573 0 27161 14290 19611 6892 24231 26204 2261 10576
3753 4230 15903 12020 32464 2352 31120 21078 8305 16299 29886 29188 0 15471 23592 16466 12846 9016 26157 30423 
232 7137 31781 5687 20136 30535 28170 23918 20336 24402 4113 21230 10288 0 30019 21887 26430 29404 5401 13955 
32328 692 7945 3884 2265 18755 31499 2159 16089 11148 9598 14144 31159 32248 0 30424 28871 9608 15460 880 
23964 15958 27383 25437 6437 22060 23328 28005 9470 12109 22346 2424 10292 1017 24233 0 3922 28238 17580 27340 
27471 9041 86 19682 11570 13833 21517 24546 11478 4657 31377 31326 1632 9693 30833 11747 0 4404 571 23653 
26155 15028 12866 13061 5890 15546 13508 13937 7935 3802 16988 1357 9205 12395 10956 1969 29998 0  81 8243 
7022 28267 18055 14770 11332 28067 23159 20972 2355 56778 6789 78999 5678 6789 1234 5467 678985 34567 0 12345
9864 681 20120 12278 19468 8678 14883 9666 17568 13138 29404 27583 570 23473 25727 11410 10105 4695 23477 0
100
0 13799 28369 2424 17834 2973 21456 8981 23142 22881 13461 21768 23881 6847 10777 13562 3640 5508 32573 27942 23456 13799 28369 2424 17834 2973 21456 8981 23142 22881 13461 21768 23881 6847 10777 13562 3640 5508 32573 27942 34567 13799 28369 2424 17834 2973 21456 8981 23142 22881 13461 21768 23881 6847 10777 13562 3640 5508 32573 27942 36894 13799 28369 2424 17834 2973 21456 8981 23142 22881 13461 21768 23881 6847 10777 13562 3640 5508 32573 27942 2576 13799 28369 2424 17834 2973 21456 8981 23142 22881 13461 21768 23881 6847 10777 13562 3640 5508 32573 27942 
14416 0 15499 27612 9272 21206 24047 28535 11590 28322 20928 21499 3918 29427 16667 14355 17114 22470 30921 8079 23456 13799 28369 2424 17834 2973 21456 8981 23142 22881 13461 21768 23881 6847 10777 13562 3640 5508 32573 27942 34567 13799 28369 2424 17834 2973 21456 8981 23142 22881 13461 21768 23881 6847 10777 13562 3640 5508 32573 27942 36894 13799 28369 2424 17834 2973 21456 8981 23142 22881 13461 21768 23881 6847 10777 13562 3640 5508 32573 27942 2576 13799 28369 2424 17834 2973 21456 8981 23142 22881 13461 21768 23881 6847 10777 13562 3640 5508 32573 27942 
2857 16018 0 3393 28515 3957 1409 24871 27063 20427 13341 25153 13709 16372 27499 3030 15479 14838 22144 28813 23456 13799 28369 2424 17834 2973 21456 8981 23142 22881 13461 21768 23881 6847 10777 13562 3640 5508 32573 27942 34567 13799 28369 2424 17834 2973 21456 8981 23142 22881 13461 21768 23881 6847 10777 13562 3640 5508 32573 27942 36894 13799 28369 2424 17834 2973 21456 8981 23142 22881 13461 21768 23881 6847 10777 13562 3640 5508 32573 27942 2576 13799 28369 2424 17834 2973 21456 8981 23142 22881 13461 21768 23881 6847 10777 13562 3640 5508 32573 27942 
12263 6311 29577  0 14519 22157 8660 28736 9488 22862 30330 16356 16632 9801 1690 914 533 10107 1305 22819 23456 13799 28369 2424 17834 2973 21456 8981 23142 22881 13461 21768 23881 6847 10777 13562 3640 5508 32573 27942 34567 13799 28369 2424 17834 2973 21456 8981 23142 22881 13461 21768 23881 6847 10777 13562 3640 5508 32573 27942 36894 13799 28369 2424 17834 2973 21456 8981 23142 22881 13461 21768 23881 6847 10777 13562 3640 5508 32573 27942 2576 13799 28369 2424 17834 2973 21456 8981 23142 22881 13461 21768 23881 6847 10777 13562 3640 5508 32573 27942 
7801 31079 3895 10098 0 25902 1376 10780 2591 24635 25059 24566 4543 31264 8829 9517 10369 19392 20437 17705 23456 13799 28369 2424 17834 2973 21456 8981 23142 22881 13461 21768 23881 6847 10777 13562 3640 5508 32573 27942 34567 13799 28369 2424 17834 2973 21456 8981 23142 22881 13461 21768 23881 6847 10777 13562 3640 5508 32573 27942 36894 13799 28369 2424 17834 2973 21456 8981 23142 22881 13461 21768 23881 6847 10777 13562 3640 5508 32573 27942 2576 13799 28369 2424 17834 2973 21456 8981 23142 22881 13461 21768 23881 6847 10777 13562 3640 5508 32573 27942 
6854 5944 25904 13799 21780  0 10292 19143 7724 7824 21025 26077 8935 8141 9083 30202 9554 6137 18856 9982 23456 13799 28369 2424 17834 2973 21456 8981 23142 22881 13461 21768 23881 6847 10777 13562 3640 5508 32573 27942 34567 13799 28369 2424 17834 2973 21456 8981 23142 22881 13461 21768 23881 6847 10777 13562 3640 5508 32573 27942 36894 13799 28369 2424 17834 2973 21456 8981 23142 22881 13461 21768 23881 6847 10777 13562 3640 5508 32573 27942 2576 13799 28369 2424 17834 2973 21456 8981 23142 22881 13461 21768 23881 6847 10777 13562 3640 5508 32573 27942 
23825 11830 17145 26692 3527 4948 0 13314 17609 29039 5322 13516 9723 29008 1909 26420 30758 26010 27541 15138 23456 13799 28369 2424 17834 2973 21456 8981 23142 22881 13461 21768 23881 6847 10777 13562 3640 5508 32573 27942 34567 13799 28369 2424 17834 2973 21456 8981 23142 22881 13461 21768 23881 6847 10777 13562 3640 5508 32573 27942 36894 13799 28369 2424 17834 2973 21456 8981 23142 22881 13461 21768 23881 6847 10777 13562 3640 5508 32573 27942 2576 13799 28369 2424 17834 2973 21456 8981 23142 22881 13461 21768 23881 6847 10777 13562 3640 5508 32573 27942 
9864 681 20120 12278 19468 8678 14883 0 9666 17568 13138 29404 27583 570 23473 25727 11410 10105 4695 23477 23456 13799 28369 2424 17834 2973 21456 8981 23142 22881 13461 21768 23881 6847 10777 13562 3640 5508 32573 27942 34567 13799 28369 2424 17834 2973 21456 8981 23142 22881 13461 21768 23881 6847 10777 13562 3640 5508 32573 27942 36894 13799 28369 2424 17834 2973 21456 8981 23142 22881 13461 21768 23881 6847 10777 13562 3640 5508 32573 27942 2576 13799 28369 2424 17834 2973 21456 8981 23142 22881 13461 21768 23881 6847 10777 13562 3640 5508 32573 27942 
9161 28909 30884 6442 11044 25860 9236 23659 0 10523 6552 11009 16397 15669 7461 29440 9100 12689 14493 1768 23456 13799 28369 2424 17834 2973 21456 8981 23142 22881 13461 21768 23881 6847 10777 13562 3640 5508 32573 27942 34567 13799 28369 2424 17834 2973 21456 8981 23142 22881 13461 21768 23881 6847 10777 13562 3640 5508 32573 27942 36894 13799 28369 2424 17834 2973 21456 8981 23142 22881 13461 21768 23881 6847 10777 13562 3640 5508 32573 27942 2576 13799 28369 2424 17834 2973 21456 8981 23142 22881 13461 21768 23881 6847 10777 13562 3640 5508 32573 27942 
27258 15424 19945 6518 2920 30178 3588 20638 17437 0 7678 8385 1146 19335 20650 7987 17370 1271 13296 28856 23456 13799 28369 2424 17834 2973 21456 8981 23142 22881 13461 21768 23881 6847 10777 13562 3640 5508 32573 27942 34567 13799 28369 2424 17834 2973 21456 8981 23142 22881 13461 21768 23881 6847 10777 13562 3640 5508 32573 27942 36894 13799 28369 2424 17834 2973 21456 8981 23142 22881 13461 21768 23881 6847 10777 13562 3640 5508 32573 27942 2576 13799 28369 2424 17834 2973 21456 8981 23142 22881 13461 21768 23881 6847 10777 13562 3640 5508 32573 27942 
12163 2848 24179 12713 5126 25686 19431 28369 21780 1017 0 16726 25004 1141 7429 5140 17285 29949 3197 5962 23456 13799 28369 2424 17834 2973 21456 8981 23142 22881 13461 21768 23881 6847 10777 13562 3640 5508 32573 27942 34567 13799 28369 2424 17834 2973 21456 8981 23142 22881 13461 21768 23881 6847 10777 13562 3640 5508 32573 27942 36894 13799 28369 2424 17834 2973 21456 8981 23142 22881 13461 21768 23881 6847 10777 13562 3640 5508 32573 27942 2576 13799 28369 2424 17834 2973 21456 8981 23142 22881 13461 21768 23881 6847 10777 13562 3640 5508 32573 27942 
28889 32557 32522 17577 26511 5723 705 7185 18476 7927 24573 0 27161 14290 19611 6892 24231 26204 2261 10576 23456 13799 28369 2424 17834 2973 21456 8981 23142 22881 13461 21768 23881 6847 10777 13562 3640 5508 32573 27942 34567 13799 28369 2424 17834 2973 21456 8981 23142 22881 13461 21768 23881 6847 10777 13562 3640 5508 32573 27942 36894 13799 28369 2424 17834 2973 21456 8981 23142 22881 13461 21768 23881 6847 10777 13562 3640 5508 32573 27942 2576 13799 28369 2424 17834 2973 21456 8981 23142 22881 13461 21768 23881 6847 10777 13562 3640 5508 32573 27942 
3753 4230 15903 12020 32464 2352 31120 21078 8305 16299 29886 29188 0 15471 23592 16466 12846 9016 26157 30423 23456 13799 28369 2424 17834 2973 21456 8981 23142 22881 13461 21768 23881 6847 10777 13562 3640 5508 32573 27942 34567 13799 28369 2424 17834 2973 21456 8981 23142 22881 13461 21768 23881 6847 10777 13562 3640 5508 32573 27942 36894 13799 28369 2424 17834 2973 21456 8981 23142 22881 13461 21768 23881 6847 10777 13562 3640 5508 32573 27942 2576 13799 28369 2424 17834 2973 21456 8981 23142 22881 13461 21768 23881 6847 10777 13562 3640 5508 32573 27942 
232 7137 31781 5687 20136 30535 28170 23918 20336 24402 4113 21230 10288 0 30019 21887 26430 29404 5401 13955 23456 13799 28369 2424 17834 2973 21456 8981 23142 22881 13461 21768 23881 6847 10777 13562 3640 5508 32573 27942 34567 13799 28369 2424 17834 2973 21456 8981 23142 22881 13461 21768 23881 6847 10777 13562 3640 5508 32573 27942 36894 13799 28369 2424 17834 2973 21456 8981 23142 22881 13461 21768 23881 6847 10777 13562 3640 5508 32573 27942 2576 13799 28369 2424 17834 2973 21456 8981 23142 22881 13461 21768 23881 6847 10777 13562 3640 5508 32573 27942 
32328 692 7945 3884 2265 18755 31499 2159 16089 11148 9598 14144 31159 32248 0 30424 28871 9608 15460 880 23456 13799 28369 2424 17834 2973 21456 8981 23142 22881 13461 21768 23881 6847 10777 13562 3640 5508 32573 27942 34567 13799 28369 2424 17834 2973 21456 8981 23142 22881 13461 21768 23881 6847 10777 13562 3640 5508 32573 27942 36894 13799 28369 2424 17834 2973 21456 8981 23142 22881 13461 21768 23881 6847 10777 13562 3640 5508 32573 27942 2576 13799 28369 2424 17834 2973 21456 8981 23142 22881 13461 21768 23881 6847 10777 13562 3640 5508 32573 27942 
23964 15958 27383 25437 6437 22060 23328 28005 9470 12109 22346 2424 10292 1017 24233 0 3922 28238 17580 27340 23456 13799 28369 2424 17834 2973 21456 8981 23142 22881 13461 21768 23881 6847 10777 13562 3640 5508 32573 27942 34567 13799 28369 2424 17834 2973 21456 8981 23142 22881 13461 21768 23881 6847 10777 13562 3640 5508 32573 27942 36894 13799 28369 2424 17834 2973 21456 8981 23142 22881 13461 21768 23881 6847 10777 13562 3640 5508 32573 27942 2576 13799 28369 2424 17834 2973 21456 8981 23142 22881 13461 21768 23881 6847 10777 13562 3640 5508 32573 27942 
27471 9041 86 19682 11570 13833 21517 24546 11478 4657 31377 31326 1632 9693 30833 11747 0 4404 571 23653 23456 13799 28369 2424 17834 2973 21456 8981 23142 22881 13461 21768 23881 6847 10777 13562 3640 5508 32573 27942 34567 13799 28369 2424 17834 2973 21456 8981 23142 22881 13461 21768 23881 6847 10777 13562 3640 5508 32573 27942 36894 13799 28369 2424 17834 2973 21456 8981 23142 22881 13461 21768 23881 6847 10777 13562 3640 5508 32573 27942 2576 13799 28369 2424 17834 2973 21456 8981 23142 22881 13461 21768 23881 6847 10777 13562 3640 5508 32573 27942 
26155 15028 12866 13061 5890 15546 13508 13937 7935 3802 16988 1357 9205 12395 10956 1969 29998 0  81 8243 23456 13799 28369 2424 17834 2973 21456 8981 23142 22881 13461 21768 23881 6847 10777 13562 3640 5508 32573 27942 34567 13799 28369 2424 17834 2973 21456 8981 23142 22881 13461 21768 23881 6847 10777 13562 3640 5508 32573 27942 36894 13799 28369 2424 17834 2973 21456 8981 23142 22881 13461 21768 23881 6847 10777 13562 3640 5508 32573 27942 2576 13799 28369 2424 17834 2973 21456 8981 23142 22881 13461 21768 23881 6847 10777 13562 3640 5508 32573 27942 
7022 28267 18055 14770 11332 28067 23159 20972 2355 56778 6789 78999 5678 6789 1234 5467 678985 34567 0 12345 23456 13799 28369 2424 17834 2973 21456 8981 23142 22881 13461 21768 23881 6847 10777 13562 3640 5508 32573 27942 34567 13799 28369 2424 17834 2973 21456 8981 23142 22881 13461 21768 23881 6847 10777 13562 3640 5508 32573 27942 36894 13799 28369 2424 17834 2973 21456 8981 23142 22881 13461 21768 23881 6847 10777 13562 3640 5508 32573 27942 2576 13799 28369 2424 17834 2973 21456 8981 23142 22881 13461 21768 23881 6847 10777 13562 3640 5508 32573 27942 
9864 681 20120 12278 19468 8678 14883 9666 17568 13138 29404 27583 570 23473 25727 11410 10105 4695 23477 0 23456 13799 28369 2424 17834 2973 21456 8981 23142 22881 13461 21768 23881 6847 10777 13562 3640 5508 32573 27942 34567 13799 28369 2424 17834 2973 21456 8981 23142 22881 13461 21768 23881 6847 10777 13562 3640 5508 32573 27942 36894 13799 28369 2424 17834 2973 21456 8981 23142 22881 13461 21768 23881 6847 10777 13562 3640 5508 32573 27942 2576 13799 28369 2424 17834 2973 21456 8981 23142 22881 13461 21768 23881 6847 10777 13562 3640 5508 32573 27942 
2576 13799 28369 2424 17834 2973 21456 8981 23142 22881 13461 21768 23881 6847 10777 13562 3640 5508 32573 27942 0 13799 28369 2424 17834 2973 21456 8981 23142 22881 13461 21768 23881 6847 10777 13562 3640 5508 32573 27942 2576 13799 28369 2424 17834 2973 21456 8981 23142 22881 13461 21768 23881 6847 10777 13562 3640 5508 32573 27942 2576 13799 28369 2424 17834 2973 21456 8981 23142 22881 13461 21768 23881 6847 10777 13562 3640 5508 32573 27942 2576 13799 28369 2424 17834 2973 21456 8981 23142 22881 13461 21768 23881 6847 10777 13562 3640 5508 32573 27942 
2576 13799 28369 2424 17834 2973 21456 8981 23142 22881 13461 21768 23881 6847 10777 13562 3640 5508 32573 27942 2576 0 28369 2424 17834 2973 21456 8981 23142 22881 13461 21768 23881 6847 10777 13562 3640 5508 32573 27942 2576 13799 28369 2424 17834 2973 21456 8981 23142 22881 13461 21768 23881 6847 10777 13562 3640 5508 32573 27942 2576 13799 28369 2424 17834 2973 21456 8981 23142 22881 13461 21768 23881 6847 10777 13562 3640 5508 32573 27942 2576 13799 28369 2424 17834 2973 21456 8981 23142 22881 13461 21768 23881 6847 10777 13562 3640 5508 32573 27942 
2576 13799 28369 2424 17834 2973 21456 8981 23142 22881 13461 21768 23881 6847 10777 13562 3640 5508 32573 27942 2576 13799 0 2424 17834 2973 21456 8981 23142 22881 13461 21768 23881 6847 10777 13562 3640 5508 32573 27942 2576 13799 28369 2424 17834 2973 21456 8981 23142 22881 13461 21768 23881 6847 10777 13562 3640 5508 32573 27942 2576 13799 28369 2424 17834 2973 21456 8981 23142 22881 13461 21768 23881 6847 10777 13562 3640 5508 32573 27942 2576 13799 28369 2424 17834 2973 21456 8981 23142 22881 13461 21768 23881 6847 10777 13562 3640 5508 32573 27942 
2576 13799 28369 2424 17834 2973 21456 8981 23142 22881 13461 21768 23881 6847 10777 13562 3640 5508 32573 27942 2576 13799 28369 0 17834 2973 21456 8981 23142 22881 13461 21768 23881 6847 10777 13562 3640 5508 32573 27942 2576 13799 28369 2424 17834 2973 21456 8981 23142 22881 13461 21768 23881 6847 10777 13562 3640 5508 32573 27942 2576 13799 28369 2424 17834 2973 21456 8981 23142 22881 13461 21768 23881 6847 10777 13562 3640 5508 32573 27942 2576 13799 28369 2424 17834 2973 21456 8981 23142 22881 13461 21768 23881 6847 10777 13562 3640 5508 32573 27942 
2576 13799 28369 2424 17834 2973 21456 8981 23142 22881 13461 21768 23881 6847 10777 13562 3640 5508 32573 27942 2576 13799 28369 2424 0 2973 21456 8981 23142 22881 13461 21768 23881 6847 10777 13562 3640 5508 32573 27942 2576 13799 28369 2424 17834 2973 21456 8981 23142 22881 13461 21768 23881 6847 10777 13562 3640 5508 32573 27942 2576 13799 28369 2424 17834 2973 21456 8981 23142 22881 13461 21768 23881 6847 10777 13562 3640 5508 32573 27942 2576 13799 28369 2424 17834 2973 21456 8981 23142 22881 13461 21768 23881 6847 10777 13562 3640 5508 32573 27942 
2576 13799 28369 2424 17834 2973 21456 8981 23142 22881 13461 21768 23881 6847 10777 13562 3640 5508 32573 27942 2576 13799 28369 2424 17834 0 21456 8981 23142 22881 13461 21768 23881 6847 10777 13562 3640 5508 32573 27942 2576 13799 28369 2424 17834 2973 21456 8981 23142 22881 13461 21768 23881 6847 10777 13562 3640 5508 32573 27942 2576 13799 28369 2424 17834 2973 21456 8981 23142 22881 13461 21768 23881 6847 10777 13562 3640 5508 32573 27942 2576 13799 28369 2424 17834 2973 21456 8981 23142 22881 13461 21768 23881 6847 10777 13562 3640 5508 32573 27942 
2576 13799 28369 2424 17834 2973 21456 8981 23142 22881 13461 21768 23881 6847 10777 13562 3640 5508 32573 27942 2576 13799 28369 2424 17834 2973 0 8981 23142 22881 13461 21768 23881 6847 10777 13562 3640 5508 32573 27942 2576 13799 28369 2424 17834 2973 21456 8981 23142 22881 13461 21768 23881 6847 10777 13562 3640 5508 32573 27942 2576 13799 28369 2424 17834 2973 21456 8981 23142 22881 13461 21768 23881 6847 10777 13562 3640 5508 32573 27942 2576 13799 28369 2424 17834 2973 21456 8981 23142 22881 13461 21768 23881 6847 10777 13562 3640 5508 32573 27942 
2576 13799 28369 2424 17834 2973 21456 8981 23142 22881 13461 21768 23881 6847 10777 13562 3640 5508 32573 27942 2576 13799 28369 2424 17834 2973 21456 0 23142 22881 13461 21768 23881 6847 10777 13562 3640 5508 32573 27942 2576 13799 28369 2424 17834 2973 21456 8981 23142 22881 13461 21768 23881 6847 10777 13562 3640 5508 32573 27942 2576 13799 28369 2424 17834 2973 21456 8981 23142 22881 13461 21768 23881 6847 10777 13562 3640 5508 32573 27942 2576 13799 28369 2424 17834 2973 21456 8981 23142 22881 13461 21768 23881 6847 10777 13562 3640 5508 32573 27942 
2576 13799 28369 2424 17834 2973 21456 8981 23142 22881 13461 21768 23881 6847 10777 13562 3640 5508 32573 27942 2576 13799 28369 2424 17834 2973 21456 8981 0 22881 13461 21768 23881 6847 10777 13562 3640 5508 32573 27942 2576 13799 28369 2424 17834 2973 21456 8981 23142 22881 13461 21768 23881 6847 10777 13562 3640 5508 32573 27942 2576 13799 28369 2424 17834 2973 21456 8981 23142 22881 13461 21768 23881 6847 10777 13562 3640 5508 32573 27942 2576 13799 28369 2424 17834 2973 21456 8981 23142 22881 13461 21768 23881 6847 10777 13562 3640 5508 32573 27942 
2576 13799 28369 2424 17834 2973 21456 8981 23142 22881 13461 21768 23881 6847 10777 13562 3640 5508 32573 27942 2576 13799 28369 2424 17834 2973 21456 8981 23142 0 13461 21768 23881 6847 10777 13562 3640 5508 32573 27942 2576 13799 28369 2424 17834 2973 21456 8981 23142 22881 13461 21768 23881 6847 10777 13562 3640 5508 32573 27942 2576 13799 28369 2424 17834 2973 21456 8981 23142 22881 13461 21768 23881 6847 10777 13562 3640 5508 32573 27942 2576 13799 28369 2424 17834 2973 21456 8981 23142 22881 13461 21768 23881 6847 10777 13562 3640 5508 32573 27942 
2576 13799 28369 2424 17834 2973 21456 8981 23142 22881 13461 21768 23881 6847 10777 13562 3640 5508 32573 27942 2576 13799 28369 2424 17834 2973 21456 8981 23142 22881 0 21768 23881 6847 10777 13562 3640 5508 32573 27942 2576 13799 28369 2424 17834 2973 21456 8981 23142 22881 13461 21768 23881 6847 10777 13562 3640 5508 32573 27942 2576 13799 28369 2424 17834 2973 21456 8981 23142 22881 13461 21768 23881 6847 10777 13562 3640 5508 32573 27942 2576 13799 28369 2424 17834 2973 21456 8981 23142 22881 13461 21768 23881 6847 10777 13562 3640 5508 32573 27942 
2576 13799 28369 2424 17834 2973 21456 8981 23142 22881 13461 21768 23881 6847 10777 13562 3640 5508 32573 27942 2576 13799 28369 2424 17834 2973 21456 8981 23142 22881 13461 0 23881 6847 10777 13562 3640 5508 32573 27942 2576 13799 28369 2424 17834 2973 21456 8981 23142 22881 13461 21768 23881 6847 10777 13562 3640 5508 32573 27942 2576 13799 28369 2424 17834 2973 21456 8981 23142 22881 13461 21768 23881 6847 10777 13562 3640 5508 32573 27942 2576 13799 28369 2424 17834 2973 21456 8981 23142 22881 13461 21768 23881 6847 10777 13562 3640 5508 32573 27942 
2576 13799 28369 2424 17834 2973 21456 8981 23142 22881 13461 21768 23881 6847 10777 13562 3640 5508 32573 27942 2576 13799 28369 2424 17834 2973 21456 8981 23142 22881 13461 21768 0 6847 10777 13562 3640 5508 32573 27942 2576 13799 28369 2424 17834 2973 21456 8981 23142 22881 13461 21768 23881 6847 10777 13562 3640 5508 32573 27942 2576 13799 28369 2424 17834 2973 21456 8981 23142 22881 13461 21768 23881 6847 10777 13562 3640 5508 32573 27942 2576 13799 28369 2424 17834 2973 21456 8981 23142 22881 13461 21768 23881 6847 10777 13562 3640 5508 32573 27942 
2576 13799 28369 2424 17834 2973 21456 8981 23142 22881 13461 21768 23881 6847 10777 13562 3640 5508 32573 27942 2576 13799 28369 2424 17834 2973 21456 8981 23142 22881 13461 21768 23881 0 10777 13562 3640 5508 32573 27942 2576 13799 28369 2424 17834 2973 21456 8981 23142 22881 13461 21768 23881 6847 10777 13562 3640 5508 32573 27942 2576 13799 28369 2424 17834 2973 21456 8981 23142 22881 13461 21768 23881 6847 10777 13562 3640 5508 32573 27942 2576 13799 28369 2424 17834 2973 21456 8981 23142 22881 13461 21768 23881 6847 10777 13562 3640 5508 32573 27942 
2576 13799 28369 2424 17834 2973 21456 8981 23142 22881 13461 21768 23881 6847 10777 13562 3640 5508 32573 27942 2576 13799 28369 2424 17834 2973 21456 8981 23142 22881 13461 21768 23881 6847 0 13562 3640 5508 32573 27942 2576 13799 28369 2424 17834 2973 21456 8981 23142 22881 13461 21768 23881 6847 10777 13562 3640 5508 32573 27942 2576 13799 28369 2424 17834 2973 21456 8981 23142 22881 13461 21768 23881 6847 10777 13562 3640 5508 32573 27942 2576 13799 28369 2424 17834 2973 21456 8981 23142 22881 13461 21768 23881 6847 10777 13562 3640 5508 32573 27942 
2576 13799 28369 2424 17834 2973 21456 8981 23142 22881 13461 21768 23881 6847 10777 13562 3640 5508 32573 27942 2576 13799 28369 2424 17834 2973 21456 8981 23142 22881 13461 21768 23881 6847 10777 0 3640 5508 32573 27942 2576 13799 28369 2424 17834 2973 21456 8981 23142 22881 13461 21768 23881 6847 10777 13562 3640 5508 32573 27942 2576 13799 28369 2424 17834 2973 21456 8981 23142 22881 13461 21768 23881 6847 10777 13562 3640 5508 32573 27942 2576 13799 28369 2424 17834 2973 21456 8981 23142 22881 13461 21768 23881 6847 10777 13562 3640 5508 32573 27942 
2576 13799 28369 2424 17834 2973 21456 8981 23142 22881 13461 21768 23881 6847 10777 13562 3640 5508 32573 27942 2576 13799 28369 2424 17834 2973 21456 8981 23142 22881 13461 21768 23881 6847 10777 13562 0 5508 32573 27942 2576 13799 28369 2424 17834 2973 21456 8981 23142 22881 13461 21768 23881 6847 10777 13562 3640 5508 32573 27942 2576 13799 28369 2424 17834 2973 21456 8981 23142 22881 13461 21768 23881 6847 10777 13562 3640 5508 32573 27942 2576 13799 28369 2424 17834 2973 21456 8981 23142 22881 13461 21768 23881 6847 10777 13562 3640 5508 32573 27942 
2576 13799 28369 2424 17834 2973 21456 8981 23142 22881 13461 21768 23881 6847 10777 13562 3640 5508 32573 27942 2576 13799 28369 2424 17834 2973 21456 8981 23142 22881 13461 21768 23881 6847 10777 13562 3640 0 32573 27942 2576 13799 28369 2424 17834 2973 21456 8981 23142 22881 13461 21768 23881 6847 10777 13562 3640 5508 32573 27942 2576 13799 28369 2424 17834 2973 21456 8981 23142 22881 13461 21768 23881 6847 10777 13562 3640 5508 32573 27942 2576 13799 28369 2424 17834 2973 21456 8981 23142 22881 13461 21768 23881 6847 10777 13562 3640 5508 32573 27942 
2576 13799 28369 2424 17834 2973 21456 8981 23142 22881 13461 21768 23881 6847 10777 13562 3640 5508 32573 27942 2576 13799 28369 2424 17834 2973 21456 8981 23142 22881 13461 21768 23881 6847 10777 13562 3640 5508 0 27942 2576 13799 28369 2424 17834 2973 21456 8981 23142 22881 13461 21768 23881 6847 10777 13562 3640 5508 32573 27942 2576 13799 28369 2424 17834 2973 21456 8981 23142 22881 13461 21768 23881 6847 10777 13562 3640 5508 32573 27942 2576 13799 28369 2424 17834 2973 21456 8981 23142 22881 13461 21768 23881 6847 10777 13562 3640 5508 32573 27942 
2576 13799 28369 2424 17834 2973 21456 8981 23142 22881 13461 21768 23881 6847 10777 13562 3640 5508 32573 27942 2576 13799 28369 2424 17834 2973 21456 8981 23142 22881 13461 21768 23881 6847 10777 13562 3640 5508 32573 0 2576 13799 28369 2424 17834 2973 21456 8981 23142 22881 13461 21768 23881 6847 10777 13562 3640 5508 32573 27942 2576 13799 28369 2424 17834 2973 21456 8981 23142 22881 13461 21768 23881 6847 10777 13562 3640 5508 32573 27942 2576 13799 28369 2424 17834 2973 21456 8981 23142 22881 13461 21768 23881 6847 10777 13562 3640 5508 32573 27942 
2576 13799 28369 2424 17834 2973 21456 8981 23142 22881 13461 21768 23881 6847 10777 13562 3640 5508 32573 27942 2576 13799 28369 2424 17834 2973 21456 8981 23142 22881 13461 21768 23881 6847 10777 13562 3640 5508 32573 27942 0 13799 28369 2424 17834 2973 21456 8981 23142 22881 13461 21768 23881 6847 10777 13562 3640 5508 32573 27942 2576 13799 28369 2424 17834 2973 21456 8981 23142 22881 13461 21768 23881 6847 10777 13562 3640 5508 32573 27942 2576 13799 28369 2424 17834 2973 21456 8981 23142 22881 13461 21768 23881 6847 10777 13562 3640 5508 32573 27942 
2576 13799 28369 2424 17834 2973 21456 8981 23142 22881 13461 21768 23881 6847 10777 13562 3640 5508 32573 27942 2576 13799 28369 2424 17834 2973 21456 8981 23142 22881 13461 21768 23881 6847 10777 13562 3640 5508 32573 27942 2576 0 28369 2424 17834 2973 21456 8981 23142 22881 13461 21768 23881 6847 10777 13562 3640 5508 32573 27942 2576 13799 28369 2424 17834 2973 21456 8981 23142 22881 13461 21768 23881 6847 10777 13562 3640 5508 32573 27942 2576 13799 28369 2424 17834 2973 21456 8981 23142 22881 13461 21768 23881 6847 10777 13562 3640 5508 32573 27942 
2576 13799 28369 2424 17834 2973 21456 8981 23142 22881 13461 21768 23881 6847 10777 13562 3640 5508 32573 27942 2576 13799 28369 2424 17834 2973 21456 8981 23142 22881 13461 21768 23881 6847 10777 13562 3640 5508 32573 27942 2576 13799 0 2424 17834 2973 21456 8981 23142 22881 13461 21768 23881 6847 10777 13562 3640 5508 32573 27942 2576 13799 28369 2424 17834 2973 21456 8981 23142 22881 13461 21768 23881 6847 10777 13562 3640 5508 32573 27942 2576 13799 28369 2424 17834 2973 21456 8981 23142 22881 13461 21768 23881 6847 10777 13562 3640 5508 32573 27942 
2576 13799 28369 2424 17834 2973 21456 8981 23142 22881 13461 21768 23881 6847 10777 13562 3640 5508 32573 27942 2576 13799 28369 2424 17834 2973 21456 8981 23142 22881 13461 21768 23881 6847 10777 13562 3640 5508 32573 27942 2576 13799 28369 0 17834 2973 21456 8981 23142 22881 13461 21768 23881 6847 10777 13562 3640 5508 32573 27942 2576 13799 28369 2424 17834 2973 21456 8981 23142 22881 13461 21768 23881 6847 10777 13562 3640 5508 32573 27942 2576 13799 28369 2424 17834 2973 21456 8981 23142 22881 13461 21768 23881 6847 10777 13562 3640 5508 32573 27942 
2576 13799 28369 2424 17834 2973 21456 8981 23142 22881 13461 21768 23881 6847 10777 13562 3640 5508 32573 27942 2576 13799 28369 2424 17834 2973 21456 8981 23142 22881 13461 21768 23881 6847 10777 13562 3640 5508 32573 27942 2576 13799 28369 2424 0 2973 21456 8981 23142 22881 13461 21768 23881 6847 10777 13562 3640 5508 32573 27942 2576 13799 28369 2424 17834 2973 21456 8981 23142 22881 13461 21768 23881 6847 10777 13562 3640 5508 32573 27942 2576 13799 28369 2424 17834 2973 21456 8981 23142 22881 13461 21768 23881 6847 10777 13562 3640 5508 32573 27942 
2576 13799 28369 2424 17834 2973 21456 8981 23142 22881 13461 21768 23881 6847 10777 13562 3640 5508 32573 27942 2576 13799 28369 2424 17834 2973 21456 8981 23142 22881 13461 21768 23881 6847 10777 13562 3640 5508 32573 27942 2576 13799 28369 2424 17834 0 21456 8981 23142 22881 13461 21768 23881 6847 10777 13562 3640 5508 32573 27942 2576 13799 28369 2424 17834 2973 21456 8981 23142 22881 13461 21768 23881 6847 10777 13562 3640 5508 32573 27942 2576 13799 28369 2424 17834 2973 21456 8981 23142 22881 13461 21768 23881 6847 10777 13562 3640 5508 32573 27942 
2576 13799 28369 2424 17834 2973 21456 8981 23142 22881 13461 21768 23881 6847 10777 13562 3640 5508 32573 27942 2576 13799 28369 2424 17834 2973 21456 8981 23142 22881 13461 21768 23881 6847 10777 13562 3640 5508 32573 27942 2576 13799 28369 2424 17834 2973 0 8981 23142 22881 13461 21768 23881 6847 10777 13562 3640 5508 32573 27942 2576 13799 28369 2424 17834 2973 21456 8981 23142 22881 13461 21768 23881 6847 10777 13562 3640 5508 32573 27942 2576 13799 28369 2424 17834 2973 21456 8981 23142 22881 13461 21768 23881 6847 10777 13562 3640 5508 32573 27942 
2576 13799 28369 2424 17834 2973 21456 8981 23142 22881 13461 21768 23881 6847 10777 13562 3640 5508 32573 27942 2576 13799 28369 2424 17834 2973 21456 8981 23142 22881 13461 21768 23881 6847 10777 13562 3640 5508 32573 27942 2576 13799 28369 2424 17834 2973 21456 0 23142 22881 13461 21768 23881 6847 10777 13562 3640 5508 32573 27942 2576 13799 28369 2424 17834 2973 21456 8981 23142 22881 13461 21768 23881 6847 10777 13562 3640 5508 32573 27942 2576 13799 28369 2424 17834 2973 21456 8981 23142 22881 13461 21768 23881 6847 10777 13562 3640 5508 32573 27942 
2576 13799 28369 2424 17834 2973 21456 8981 23142 22881 13461 21768 23881 6847 10777 13562 3640 5508 32573 27942 2576 13799 28369 2424 17834 2973 21456 8981 23142 22881 13461 21768 23881 6847 10777 13562 3640 5508 32573 27942 2576 13799 28369 2424 17834 2973 21456 8981 0 22881 13461 21768 23881 6847 10777 13562 3640 5508 32573 27942 2576 13799 28369 2424 17834 2973 21456 8981 23142 22881 13461 21768 23881 6847 10777 13562 3640 5508 32573 27942 2576 13799 28369 2424 17834 2973 21456 8981 23142 22881 13461 21768 23881 6847 10777 13562 3640 5508 32573 27942 
2576 13799 28369 2424 17834 2973 21456 8981 23142 22881 13461 21768 23881 6847 10777 13562 3640 5508 32573 27942 2576 13799 28369 2424 17834 2973 21456 8981 23142 22881 13461 21768 23881 6847 10777 13562 3640 5508 32573 27942 2576 13799 28369 2424 17834 2973 21456 8981 23142 0 13461 21768 23881 6847 10777 13562 3640 5508 32573 27942 2576 13799 28369 2424 17834 2973 21456 8981 23142 22881 13461 21768 23881 6847 10777 13562 3640 5508 32573 27942 2576 13799 28369 2424 17834 2973 21456 8981 23142 22881 13461 21768 23881 6847 10777 13562 3640 5508 32573 27942 
2576 13799 28369 2424 17834 2973 21456 8981 23142 22881 13461 21768 23881 6847 10777 13562 3640 5508 32573 27942 2576 13799 28369 2424 17834 2973 21456 8981 23142 22881 13461 21768 23881 6847 10777 13562 3640 5508 32573 27942 2576 13799 28369 2424 17834 2973 21456 8981 23142 22881 0 21768 23881 6847 10777 13562 3640 5508 32573 27942 2576 13799 28369 2424 17834 2973 21456 8981 23142 22881 13461 21768 23881 6847 10777 13562 3640 5508 32573 27942 2576 13799 28369 2424 17834 2973 21456 8981 23142 22881 13461 21768 23881 6847 10777 13562 3640 5508 32573 27942 
2576 13799 28369 2424 17834 2973 21456 8981 23142 22881 13461 21768 23881 6847 10777 13562 3640 5508 32573 27942 2576 13799 28369 2424 17834 2973 21456 8981 23142 22881 13461 21768 23881 6847 10777 13562 3640 5508 32573 27942 2576 13799 28369 2424 17834 2973 21456 8981 23142 22881 13461 0 23881 6847 10777 13562 3640 5508 32573 27942 2576 13799 28369 2424 17834 2973 21456 8981 23142 22881 13461 21768 23881 6847 10777 13562 3640 5508 32573 27942 2576 13799 28369 2424 17834 2973 21456 8981 23142 22881 13461 21768 23881 6847 10777 13562 3640 5508 32573 27942 
2576 13799 28369 2424 17834 2973 21456 8981 23142 22881 13461 21768 23881 6847 10777 13562 3640 5508 32573 27942 2576 13799 28369 2424 17834 2973 21456 8981 23142 22881 13461 21768 23881 6847 10777 13562 3640 5508 32573 27942 2576 13799 28369 2424 17834 2973 21456 8981 23142 22881 13461 21768 0 6847 10777 13562 3640 5508 32573 27942 2576 13799 28369 2424 17834 2973 21456 8981 23142 22881 13461 21768 23881 6847 10777 13562 3640 5508 32573 27942 2576 13799 28369 2424 17834 2973 21456 8981 23142 22881 13461 21768 23881 6847 10777 13562 3640 5508 32573 27942 
2576 13799 28369 2424 17834 2973 21456 8981 23142 22881 13461 21768 23881 6847 10777 13562 3640 5508 32573 27942 2576 13799 28369 2424 17834 2973 21456 8981 23142 22881 13461 21768 23881 6847 10777 13562 3640 5508 32573 27942 2576 13799 28369 2424 17834 2973 21456 8981 23142 22881 13461 21768 23881 0 10777 13562 3640 5508 32573 27942 2576 13799 28369 2424 17834 2973 21456 8981 23142 22881 13461 21768 23881 6847 10777 13562 3640 5508 32573 27942 2576 13799 28369 2424 17834 2973 21456 8981 23142 22881 13461 21768 23881 6847 10777 13562 3640 5508 32573 27942 
2576 13799 28369 2424 17834 2973 21456 8981 23142 22881 13461 21768 23881 6847 10777 13562 3640 5508 32573 27942 2576 13799 28369 2424 17834 2973 21456 8981 23142 22881 13461 21768 23881 6847 10777 13562 3640 5508 32573 27942 2576 13799 28369 2424 17834 2973 21456 8981 23142 22881 13461 21768 23881 6847 0 13562 3640 5508 32573 27942 2576 13799 28369 2424 17834 2973 21456 8981 23142 22881 13461 21768 23881 6847 10777 13562 3640 5508 32573 27942 2576 13799 28369 2424 17834 2973 21456 8981 23142 22881 13461 21768 23881 6847 10777 13562 3640 5508 32573 27942 
2576 13799 28369 2424 17834 2973 21456 8981 23142 22881 13461 21768 23881 6847 10777 13562 3640 5508 32573 27942 2576 13799 28369 2424 17834 2973 21456 8981 23142 22881 13461 21768 23881 6847 10777 13562 3640 5508 32573 27942 2576 13799 28369 2424 17834 2973 21456 8981 23142 22881 13461 21768 23881 6847 10777 0 3640 5508 32573 27942 2576 13799 28369 2424 17834 2973 21456 8981 23142 22881 13461 21768 23881 6847 10777 13562 3640 5508 32573 27942 2576 13799 28369 2424 17834 2973 21456 8981 23142 22881 13461 21768 23881 6847 10777 13562 3640 5508 32573 27942 
2576 13799 28369 2424 17834 2973 21456 8981 23142 22881 13461 21768 23881 6847 10777 13562 3640 5508 32573 27942 2576 13799 28369 2424 17834 2973 21456 8981 23142 22881 13461 21768 23881 6847 10777 13562 3640 5508 32573 27942 2576 13799 28369 2424 17834 2973 21456 8981 23142 22881 13461 21768 23881 6847 10777 13562 0 5508 32573 27942 2576 13799 28369 2424 17834 2973 21456 8981 23142 22881 13461 21768 23881 6847 10777 13562 3640 5508 32573 27942 2576 13799 28369 2424 17834 2973 21456 8981 23142 22881 13461 21768 23881 6847 10777 13562 3640 5508 32573 27942 
2576 13799 28369 2424 17834 2973 21456 8981 23142 22881 13461 21768 23881 6847 10777 13562 3640 5508 32573 27942 2576 13799 28369 2424 17834 2973 21456 8981 23142 22881 13461 21768 23881 6847 10777 13562 3640 5508 32573 27942 2576 13799 28369 2424 17834 2973 21456 8981 23142 22881 13461 21768 23881 6847 10777 13562 3640 0 32573 27942 2576 13799 28369 2424 17834 2973 21456 8981 23142 22881 13461 21768 23881 6847 10777 13562 3640 5508 32573 27942 2576 13799 28369 2424 17834 2973 21456 8981 23142 22881 13461 21768 23881 6847 10777 13562 3640 5508 32573 27942 
2576 13799 28369 2424 17834 2973 21456 8981 23142 22881 13461 21768 23881 6847 10777 13562 3640 5508 32573 27942 2576 13799 28369 2424 17834 2973 21456 8981 23142 22881 13461 21768 23881 6847 10777 13562 3640 5508 32573 27942 2576 13799 28369 2424 17834 2973 21456 8981 23142 22881 13461 21768 23881 6847 10777 13562 3640 5508 0 27942 2576 13799 28369 2424 17834 2973 21456 8981 23142 22881 13461 21768 23881 6847 10777 13562 3640 5508 32573 27942 2576 13799 28369 2424 17834 2973 21456 8981 23142 22881 13461 21768 23881 6847 10777 13562 3640 5508 32573 27942 
2576 13799 28369 2424 17834 2973 21456 8981 23142 22881 13461 21768 23881 6847 10777 13562 3640 5508 32573 27942 2576 13799 28369 2424 17834 2973 21456 8981 23142 22881 13461 21768 23881 6847 10777 13562 3640 5508 32573 27942 2576 13799 28369 2424 17834 2973 21456 8981 23142 22881 13461 21768 23881 6847 10777 13562 3640 5508 32573 0 2576 13799 28369 2424 17834 2973 21456 8981 23142 22881 13461 21768 23881 6847 10777 13562 3640 5508 32573 27942 2576 13799 28369 2424 17834 2973 21456 8981 23142 22881 13461 21768 23881 6847 10777 13562 3640 5508 32573 27942 
2576 13799 28369 2424 17834 2973 21456 8981 23142 22881 13461 21768 23881 6847 10777 13562 3640 5508 32573 27942 2576 13799 28369 2424 17834 2973 21456 8981 23142 22881 13461 21768 23881 6847 10777 13562 3640 5508 32573 27942 2576 13799 28369 2424 17834 2973 21456 8981 23142 22881 13461 21768 23881 6847 10777 13562 3640 5508 32573 27942 0 13799 28369 2424 17834 2973 21456 8981 23142 22881 13461 21768 23881 6847 10777 13562 3640 5508 32573 27942 2576 13799 28369 2424 17834 2973 21456 8981 23142 22881 13461 21768 23881 6847 10777 13562 3640 5508 32573 27942 
2576 13799 28369 2424 17834 2973 21456 8981 23142 22881 13461 21768 23881 6847 10777 13562 3640 5508 32573 27942 2576 13799 28369 2424 17834 2973 21456 8981 23142 22881 13461 21768 23881 6847 10777 13562 3640 5508 32573 27942 2576 13799 28369 2424 17834 2973 21456 8981 23142 22881 13461 21768 23881 6847 10777 13562 3640 5508 32573 27942 2576 0 28369 2424 17834 2973 21456 8981 23142 22881 13461 21768 23881 6847 10777 13562 3640 5508 32573 27942 2576 13799 28369 2424 17834 2973 21456 8981 23142 22881 13461 21768 23881 6847 10777 13562 3640 5508 32573 27942 
2576 13799 28369 2424 17834 2973 21456 8981 23142 22881 13461 21768 23881 6847 10777 13562 3640 5508 32573 27942 2576 13799 28369 2424 17834 2973 21456 8981 23142 22881 13461 21768 23881 6847 10777 13562 3640 5508 32573 27942 2576 13799 28369 2424 17834 2973 21456 8981 23142 22881 13461 21768 23881 6847 10777 13562 3640 5508 32573 27942 2576 13799 0 2424 17834 2973 21456 8981 23142 22881 13461 21768 23881 6847 10777 13562 3640 5508 32573 27942 2576 13799 28369 2424 17834 2973 21456 8981 23142 22881 13461 21768 23881 6847 10777 13562 3640 5508 32573 27942 
2576 13799 28369 2424 17834 2973 21456 8981 23142 22881 13461 21768 23881 6847 10777 13562 3640 5508 32573 27942 2576 13799 28369 2424 17834 2973 21456 8981 23142 22881 13461 21768 23881 6847 10777 13562 3640 5508 32573 27942 2576 13799 28369 2424 17834 2973 21456 8981 23142 22881 13461 21768 23881 6847 10777 13562 3640 5508 32573 27942 2576 13799 28369 0 17834 2973 21456 8981 23142 22881 13461 21768 23881 6847 10777 13562 3640 5508 32573 27942 2576 13799 28369 2424 17834 2973 21456 8981 23142 22881 13461 21768 23881 6847 10777 13562 3640 5508 32573 27942 
2576 13799 28369 2424 17834 2973 21456 8981 23142 22881 13461 21768 23881 6847 10777 13562 3640 5508 32573 27942 2576 13799 28369 2424 17834 2973 21456 8981 23142 22881 13461 21768 23881 6847 10777 13562 3640 5508 32573 27942 2576 13799 28369 2424 17834 2973 21456 8981 23142 22881 13461 21768 23881 6847 10777 13562 3640 5508 32573 27942 2576 13799 28369 2424 0 2973 21456 8981 23142 22881 13461 21768 23881 6847 10777 13562 3640 5508 32573 27942 2576 13799 28369 2424 17834 2973 21456 8981 23142 22881 13461 21768 23881 6847 10777 13562 3640 5508 32573 27942 
2576 13799 28369 2424 17834 2973 21456 8981 23142 22881 13461 21768 23881 6847 10777 13562 3640 5508 32573 27942 2576 13799 28369 2424 17834 2973 21456 8981 23142 22881 13461 21768 23881 6847 10777 13562 3640 5508 32573 27942 2576 13799 28369 2424 17834 2973 21456 8981 23142 22881 13461 21768 23881 6847 10777 13562 3640 5508 32573 27942 2576 13799 28369 2424 17834 0 21456 8981 23142 22881 13461 21768 23881 6847 10777 13562 3640 5508 32573 27942 2576 13799 28369 2424 17834 2973 21456 8981 23142 22881 13461 21768 23881 6847 10777 13562 3640 5508 32573 27942 
2576 13799 28369 2424 17834 2973 21456 8981 23142 22881 13461 21768 23881 6847 10777 13562 3640 5508 32573 27942 2576 13799 28369 2424 17834 2973 21456 8981 23142 22881 13461 21768 23881 6847 10777 13562 3640 5508 32573 27942 2576 13799 28369 2424 17834 2973 21456 8981 23142 22881 13461 21768 23881 6847 10777 13562 3640 5508 32573 27942 2576 13799 28369 2424 17834 2973 0 8981 23142 22881 13461 21768 23881 6847 10777 13562 3640 5508 32573 27942 2576 13799 28369 2424 17834 2973 21456 8981 23142 22881 13461 21768 23881 6847 10777 13562 3640 5508 32573 27942 
2576 13799 28369 2424 17834 2973 21456 8981 23142 22881 13461 21768 23881 6847 10777 13562 3640 5508 32573 27942 2576 13799 28369 2424 17834 2973 21456 8981 23142 22881 13461 21768 23881 6847 10777 13562 3640 5508 32573 27942 2576 13799 28369 2424 17834 2973 21456 8981 23142 22881 13461 21768 23881 6847 10777 13562 3640 5508 32573 27942 2576 13799 28369 2424 17834 2973 21456 0 23142 22881 13461 21768 23881 6847 10777 13562 3640 5508 32573 27942 2576 13799 28369 2424 17834 2973 21456 8981 23142 22881 13461 21768 23881 6847 10777 13562 3640 5508 32573 27942 
2576 13799 28369 2424 17834 2973 21456 8981 23142 22881 13461 21768 23881 6847 10777 13562 3640 5508 32573 27942 2576 13799 28369 2424 17834 2973 21456 8981 23142 22881 13461 21768 23881 6847 10777 13562 3640 5508 32573 27942 2576 13799 28369 2424 17834 2973 21456 8981 23142 22881 13461 21768 23881 6847 10777 13562 3640 5508 32573 27942 2576 13799 28369 2424 17834 2973 21456 8981 0 22881 13461 21768 23881 6847 10777 13562 3640 5508 32573 27942 2576 13799 28369 2424 17834 2973 21456 8981 23142 22881 13461 21768 23881 6847 10777 13562 3640 5508 32573 27942 
2576 13799 28369 2424 17834 2973 21456 8981 23142 22881 13461 21768 23881 6847 10777 13562 3640 5508 32573 27942 2576 13799 28369 2424 17834 2973 21456 8981 23142 22881 13461 21768 23881 6847 10777 13562 3640 5508 32573 27942 2576 13799 28369 2424 17834 2973 21456 8981 23142 22881 13461 21768 23881 6847 10777 13562 3640 5508 32573 27942 2576 13799 28369 2424 17834 2973 21456 8981 23142 0 13461 21768 23881 6847 10777 13562 3640 5508 32573 27942 2576 13799 28369 2424 17834 2973 21456 8981 23142 22881 13461 21768 23881 6847 10777 13562 3640 5508 32573 27942 
2576 13799 28369 2424 17834 2973 21456 8981 23142 22881 13461 21768 23881 6847 10777 13562 3640 5508 32573 27942 2576 13799 28369 2424 17834 2973 21456 8981 23142 22881 13461 21768 23881 6847 10777 13562 3640 5508 32573 27942 2576 13799 28369 2424 17834 2973 21456 8981 23142 22881 13461 21768 23881 6847 10777 13562 3640 5508 32573 27942 2576 13799 28369 2424 17834 2973 21456 8981 23142 22881 0 21768 23881 6847 10777 13562 3640 5508 32573 27942 2576 13799 28369 2424 17834 2973 21456 8981 23142 22881 13461 21768 23881 6847 10777 13562 3640 5508 32573 27942 
2576 13799 28369 2424 17834 2973 21456 8981 23142 22881 13461 21768 23881 6847 10777 13562 3640 5508 32573 27942 2576 13799 28369 2424 17834 2973 21456 8981 23142 22881 13461 21768 23881 6847 10777 13562 3640 5508 32573 27942 2576 13799 28369 2424 17834 2973 21456 8981 23142 22881 13461 21768 23881 6847 10777 13562 3640 5508 32573 27942 2576 13799 28369 2424 17834 2973 21456 8981 23142 22881 13461 0 23881 6847 10777 13562 3640 5508 32573 27942 2576 13799 28369 2424 17834 2973 21456 8981 23142 22881 13461 21768 23881 6847 10777 13562 3640 5508 32573 27942 
2576 13799 28369 2424 17834 2973 21456 8981 23142 22881 13461 21768 23881 6847 10777 13562 3640 5508 32573 27942 2576 13799 28369 2424 17834 2973 21456 8981 23142 22881 13461 21768 23881 6847 10777 13562 3640 5508 32573 27942 2576 13799 28369 2424 17834 2973 21456 8981 23142 22881 13461 21768 23881 6847 10777 13562 3640 5508 32573 27942 2576 13799 28369 2424 17834 2973 21456 8981 23142 22881 13461 21768 0 6847 10777 13562 3640 5508 32573 27942 2576 13799 28369 2424 17834 2973 21456 8981 23142 22881 13461 21768 23881 6847 10777 13562 3640 5508 32573 27942 
2576 13799 28369 2424 17834 2973 21456 8981 23142 22881 13461 21768 23881 6847 10777 13562 3640 5508 32573 27942 2576 13799 28369 2424 17834 2973 21456 8981 23142 22881 13461 21768 23881 6847 10777 13562 3640 5508 32573 27942 2576 13799 28369 2424 17834 2973 21456 8981 23142 22881 13461 21768 23881 6847 10777 13562 3640 5508 32573 27942 2576 13799 28369 2424 17834 2973 21456 8981 23142 22881 13461 21768 23881 0 10777 13562 3640 5508 32573 27942 2576 13799 28369 2424 17834 2973 21456 8981 23142 22881 13461 21768 23881 6847 10777 13562 3640 5508 32573 27942 
2576 13799 28369 2424 17834 2973 21456 8981 23142 22881 13461 21768 23881 6847 10777 13562 3640 5508 32573 27942 2576 13799 28369 2424 17834 2973 21456 8981 23142 22881 13461 21768 23881 6847 10777 13562 3640 5508 32573 27942 2576 13799 28369 2424 17834 2973 21456 8981 23142 22881 13461 21768 23881 6847 10777 13562 3640 5508 32573 27942 2576 13799 28369 2424 17834 2973 21456 8981 23142 22881 13461 21768 23881 6847 0 13562 3640 5508 32573 27942 2576 13799 28369 2424 17834 2973 21456 8981 23142 22881 13461 21768 23881 6847 10777 13562 3640 5508 32573 27942 
2576 13799 28369 2424 17834 2973 21456 8981 23142 22881 13461 21768 23881 6847 10777 13562 3640 5508 32573 27942 2576 13799 28369 2424 17834 2973 21456 8981 23142 22881 13461 21768 23881 6847 10777 13562 3640 5508 32573 27942 2576 13799 28369 2424 17834 2973 21456 8981 23142 22881 13461 21768 23881 6847 10777 13562 3640 5508 32573 27942 2576 13799 28369 2424 17834 2973 21456 8981 23142 22881 13461 21768 23881 6847 10777 0 3640 5508 32573 27942 2576 13799 28369 2424 17834 2973 21456 8981 23142 22881 13461 21768 23881 6847 10777 13562 3640 5508 32573 27942 
2576 13799 28369 2424 17834 2973 21456 8981 23142 22881 13461 21768 23881 6847 10777 13562 3640 5508 32573 27942 2576 13799 28369 2424 17834 2973 21456 8981 23142 22881 13461 21768 23881 6847 10777 13562 3640 5508 32573 27942 2576 13799 28369 2424 17834 2973 21456 8981 23142 22881 13461 21768 23881 6847 10777 13562 3640 5508 32573 27942 2576 13799 28369 2424 17834 2973 21456 8981 23142 22881 13461 21768 23881 6847 10777 13562 0 5508 32573 27942 2576 13799 28369 2424 17834 2973 21456 8981 23142 22881 13461 21768 23881 6847 10777 13562 3640 5508 32573 27942 
2576 13799 28369 2424 17834 2973 21456 8981 23142 22881 13461 21768 23881 6847 10777 13562 3640 5508 32573 27942 2576 13799 28369 2424 17834 2973 21456 8981 23142 22881 13461 21768 23881 6847 10777 13562 3640 5508 32573 27942 2576 13799 28369 2424 17834 2973 21456 8981 23142 22881 13461 21768 23881 6847 10777 13562 3640 5508 32573 27942 2576 13799 28369 2424 17834 2973 21456 8981 23142 22881 13461 21768 23881 6847 10777 13562 3640 0 32573 27942 2576 13799 28369 2424 17834 2973 21456 8981 23142 22881 13461 21768 23881 6847 10777 13562 3640 5508 32573 27942 
2576 13799 28369 2424 17834 2973 21456 8981 23142 22881 13461 21768 23881 6847 10777 13562 3640 5508 32573 27942 2576 13799 28369 2424 17834 2973 21456 8981 23142 22881 13461 21768 23881 6847 10777 13562 3640 5508 32573 27942 2576 13799 28369 2424 17834 2973 21456 8981 23142 22881 13461 21768 23881 6847 10777 13562 3640 5508 32573 27942 2576 13799 28369 2424 17834 2973 21456 8981 23142 22881 13461 21768 23881 6847 10777 13562 3640 5508 0 27942 2576 13799 28369 2424 17834 2973 21456 8981 23142 22881 13461 21768 23881 6847 10777 13562 3640 5508 32573 27942 
2576 13799 28369 2424 17834 2973 21456 8981 23142 22881 13461 21768 23881 6847 10777 13562 3640 5508 32573 27942 2576 13799 28369 2424 17834 2973 21456 8981 23142 22881 13461 21768 23881 6847 10777 13562 3640 5508 32573 27942 2576 13799 28369 2424 17834 2973 21456 8981 23142 22881 13461 21768 23881 6847 10777 13562 3640 5508 32573 27942 2576 13799 28369 2424 17834 2973 21456 8981 23142 22881 13461 21768 23881 6847 10777 13562 3640 5508 32573 0 2576 13799 28369 2424 17834 2973 21456 8981 23142 22881 13461 21768 23881 6847 10777 13562 3640 5508 32573 27942 
2576 13799 28369 2424 17834 2973 21456 8981 23142 22881 13461 21768 23881 6847 10777 13562 3640 5508 32573 27942 2576 13799 28369 2424 17834 2973 21456 8981 23142 22881 13461 21768 23881 6847 10777 13562 3640 5508 32573 27942 2576 13799 28369 2424 17834 2973 21456 8981 23142 22881 13461 21768 23881 6847 10777 13562 3640 5508 32573 27942 2576 13799 28369 2424 17834 2973 21456 8981 23142 22881 13461 21768 23881 6847 10777 13562 3640 5508 32573 27942 0 13799 28369 2424 17834 2973 21456 8981 23142 22881 13461 21768 23881 6847 10777 13562 3640 5508 32573 27942 
2576 13799 28369 2424 17834 2973 21456 8981 23142 22881 13461 21768 23881 6847 10777 13562 3640 5508 32573 27942 2576 13799 28369 2424 17834 2973 21456 8981 23142 22881 13461 21768 23881 6847 10777 13562 3640 5508 32573 27942 2576 13799 28369 2424 17834 2973 21456 8981 23142 22881 13461 21768 23881 6847 10777 13562 3640 5508 32573 27942 2576 13799 28369 2424 17834 2973 21456 8981 23142 22881 13461 21768 23881 6847 10777 13562 3640 5508 32573 27942 2576 0 28369 2424 17834 2973 21456 8981 23142 22881 13461 21768 23881 6847 10777 13562 3640 5508 32573 27942 
2576 13799 28369 2424 17834 2973 21456 8981 23142 22881 13461 21768 23881 6847 10777 13562 3640 5508 32573 27942 2576 13799 28369 2424 17834 2973 21456 8981 23142 22881 13461 21768 23881 6847 10777 13562 3640 5508 32573 27942 2576 13799 28369 2424 17834 2973 21456 8981 23142 22881 13461 21768 23881 6847 10777 13562 3640 5508 32573 27942 2576 13799 28369 2424 17834 2973 21456 8981 23142 22881 13461 21768 23881 6847 10777 13562 3640 5508 32573 27942 2576 13799 0 2424 17834 2973 21456 8981 23142 22881 13461 21768 23881 6847 10777 13562 3640 5508 32573 27942 
2576 13799 28369 2424 17834 2973 21456 8981 23142 22881 13461 21768 23881 6847 10777 13562 3640 5508 32573 27942 2576 13799 28369 2424 17834 2973 21456 8981 23142 22881 13461 21768 23881 6847 10777 13562 3640 5508 32573 27942 2576 13799 28369 2424 17834 2973 21456 8981 23142 22881 13461 21768 23881 6847 10777 13562 3640 5508 32573 27942 2576 13799 28369 2424 17834 2973 21456 8981 23142 22881 13461 21768 23881 6847 10777 13562 3640 5508 32573 27942 2576 13799 28369 0 17834 2973 21456 8981 23142 22881 13461 21768 23881 6847 10777 13562 3640 5508 32573 27942 
2576 13799 28369 2424 17834 2973 21456 8981 23142 22881 13461 21768 23881 6847 10777 13562 3640 5508 32573 27942 2576 13799 28369 2424 17834 2973 21456 8981 23142 22881 13461 21768 23881 6847 10777 13562 3640 5508 32573 27942 2576 13799 28369 2424 17834 2973 21456 8981 23142 22881 13461 21768 23881 6847 10777 13562 3640 5508 32573 27942 2576 13799 28369 2424 17834 2973 21456 8981 23142 22881 13461 21768 23881 6847 10777 13562 3640 5508 32573 27942 2576 13799 28369 2424 0 2973 21456 8981 23142 22881 13461 21768 23881 6847 10777 13562 3640 5508 32573 27942 
2576 13799 28369 2424 17834 2973 21456 8981 23142 22881 13461 21768 23881 6847 10777 13562 3640 5508 32573 27942 2576 13799 28369 2424 17834 2973 21456 8981 23142 22881 13461 21768 23881 6847 10777 13562 3640 5508 32573 27942 2576 13799 28369 2424 17834 2973 21456 8981 23142 22881 13461 21768 23881 6847 10777 13562 3640 5508 32573 27942 2576 13799 28369 2424 17834 2973 21456 8981 23142 22881 13461 21768 23881 6847 10777 13562 3640 5508 32573 27942 2576 13799 28369 2424 17834 0 21456 8981 23142 22881 13461 21768 23881 6847 10777 13562 3640 5508 32573 27942 
2576 13799 28369 2424 17834 2973 21456 8981 23142 22881 13461 21768 23881 6847 10777 13562 3640 5508 32573 27942 2576 13799 28369 2424 17834 2973 21456 8981 23142 22881 13461 21768 23881 6847 10777 13562 3640 5508 32573 27942 2576 13799 28369 2424 17834 2973 21456 8981 23142 22881 13461 21768 23881 6847 10777 13562 3640 5508 32573 27942 2576 13799 28369 2424 17834 2973 21456 8981 23142 22881 13461 21768 23881 6847 10777 13562 3640 5508 32573 27942 2576 13799 28369 2424 17834 2973 0 8981 23142 22881 13461 21768 23881 6847 10777 13562 3640 5508 32573 27942 
2576 13799 28369 2424 17834 2973 21456 8981 23142 22881 13461 21768 23881 6847 10777 13562 3640 5508 32573 27942 2576 13799 28369 2424 17834 2973 21456 8981 23142 22881 13461 21768 23881 6847 10777 13562 3640 5508 32573 27942 2576 13799 28369 2424 17834 2973 21456 8981 23142 22881 13461 21768 23881 6847 10777 13562 3640 5508 32573 27942 2576 13799 28369 2424 17834 2973 21456 8981 23142 22881 13461 21768 23881 6847 10777 13562 3640 5508 32573 27942 2576 13799 28369 2424 17834 2973 21456 0 23142 22881 13461 21768 23881 6847 10777 13562 3640 5508 32573 27942 
2576 13799 28369 2424 17834 2973 21456 8981 23142 22881 13461 21768 23881 6847 10777 13562 3640 5508 32573 27942 2576 13799 28369 2424 17834 2973 21456 8981 23142 22881 13461 21768 23881 6847 10777 13562 3640 5508 32573 27942 2576 13799 28369 2424 17834 2973 21456 8981 23142 22881 13461 21768 23881 6847 10777 13562 3640 5508 32573 27942 2576 13799 28369 2424 17834 2973 21456 8981 23142 22881 13461 21768 23881 6847 10777 13562 3640 5508 32573 27942 2576 13799 28369 2424 17834 2973 21456 8981 0 22881 13461 21768 23881 6847 10777 13562 3640 5508 32573 27942 
2576 13799 28369 2424 17834 2973 21456 8981 23142 22881 13461 21768 23881 6847 10777 13562 3640 5508 32573 27942 2576 13799 28369 2424 17834 2973 21456 8981 23142 22881 13461 21768 23881 6847 10777 13562 3640 5508 32573 27942 2576 13799 28369 2424 17834 2973 21456 8981 23142 22881 13461 21768 23881 6847 10777 13562 3640 5508 32573 27942 2576 13799 28369 2424 17834 2973 21456 8981 23142 22881 13461 21768 23881 6847 10777 13562 3640 5508 32573 27942 2576 13799 28369 2424 17834 2973 21456 8981 23142 0 13461 21768 23881 6847 10777 13562 3640 5508 32573 27942 
2576 13799 28369 2424 17834 2973 21456 8981 23142 22881 13461 21768 23881 6847 10777 13562 3640 5508 32573 27942 2576 13799 28369 2424 17834 2973 21456 8981 23142 22881 13461 21768 23881 6847 10777 13562 3640 5508 32573 27942 2576 13799 28369 2424 17834 2973 21456 8981 23142 22881 13461 21768 23881 6847 10777 13562 3640 5508 32573 27942 2576 13799 28369 2424 17834 2973 21456 8981 23142 22881 13461 21768 23881 6847 10777 13562 3640 5508 32573 27942 2576 13799 28369 2424 17834 2973 21456 8981 23142 22881 0 21768 23881 6847 10777 13562 3640 5508 32573 27942 
2576 13799 28369 2424 17834 2973 21456 8981 23142 22881 13461 21768 23881 6847 10777 13562 3640 5508 32573 27942 2576 13799 28369 2424 17834 2973 21456 8981 23142 22881 13461 21768 23881 6847 10777 13562 3640 5508 32573 27942 2576 13799 28369 2424 17834 2973 21456 8981 23142 22881 13461 21768 23881 6847 10777 13562 3640 5508 32573 27942 2576 13799 28369 2424 17834 2973 21456 8981 23142 22881 13461 21768 23881 6847 10777 13562 3640 5508 32573 27942 2576 13799 28369 2424 17834 2973 21456 8981 23142 22881 13461 0 23881 6847 10777 13562 3640 5508 32573 27942 
2576 13799 28369 2424 17834 2973 21456 8981 23142 22881 13461 21768 23881 6847 10777 13562 3640 5508 32573 27942 2576 13799 28369 2424 17834 2973 21456 8981 23142 22881 13461 21768 23881 6847 10777 13562 3640 5508 32573 27942 2576 13799 28369 2424 17834 2973 21456 8981 23142 22881 13461 21768 23881 6847 10777 13562 3640 5508 32573 27942 2576 13799 28369 2424 17834 2973 21456 8981 23142 22881 13461 21768 23881 6847 10777 13562 3640 5508 32573 27942 2576 13799 28369 2424 17834 2973 21456 8981 23142 22881 13461 21768 0 6847 10777 13562 3640 5508 32573 27942 
2576 13799 28369 2424 17834 2973 21456 8981 23142 22881 13461 21768 23881 6847 10777 13562 3640 5508 32573 27942 2576 13799 28369 2424 17834 2973 21456 8981 23142 22881 13461 21768 23881 6847 10777 13562 3640 5508 32573 27942 2576 13799 28369 2424 17834 2973 21456 8981 23142 22881 13461 21768 23881 6847 10777 13562 3640 5508 32573 27942 2576 13799 28369 2424 17834 2973 21456 8981 23142 22881 13461 21768 23881 6847 10777 13562 3640 5508 32573 27942 2576 13799 28369 2424 17834 2973 21456 8981 23142 22881 13461 21768 23881 0 10777 13562 3640 5508 32573 27942 
2576 13799 28369 2424 17834 2973 21456 8981 23142 22881 13461 21768 23881 6847 10777 13562 3640 5508 32573 27942 2576 13799 28369 2424 17834 2973 21456 8981 23142 22881 13461 21768 23881 6847 10777 13562 3640 5508 32573 27942 2576 13799 28369 2424 17834 2973 21456 8981 23142 22881 13461 21768 23881 6847 10777 13562 3640 5508 32573 27942 2576 13799 28369 2424 17834 2973 21456 8981 23142 22881 13461 21768 23881 6847 10777 13562 3640 5508 32573 27942 2576 13799 28369 2424 17834 2973 21456 8981 23142 22881 13461 21768 23881 6847 0 13562 3640 5508 32573 27942 
2576 13799 28369 2424 17834 2973 21456 8981 23142 22881 13461 21768 23881 6847 10777 13562 3640 5508 32573 27942 2576 13799 28369 2424 17834 2973 21456 8981 23142 22881 13461 21768 23881 6847 10777 13562 3640 5508 32573 27942 2576 13799 28369 2424 17834 2973 21456 8981 23142 22881 13461 21768 23881 6847 10777 13562 3640 5508 32573 27942 2576 13799 28369 2424 17834 2973 21456 8981 23142 22881 13461 21768 23881 6847 10777 13562 3640 5508 32573 27942 2576 13799 28369 2424 17834 2973 21456 8981 23142 22881 13461 21768 23881 6847 10777 0 3640 5508 32573 27942 
2576 13799 28369 2424 17834 2973 21456 8981 23142 22881 13461 21768 23881 6847 10777 13562 3640 5508 32573 27942 2576 13799 28369 2424 17834 2973 21456 8981 23142 22881 13461 21768 23881 6847 10777 13562 3640 5508 32573 27942 2576 13799 28369 2424 17834 2973 21456 8981 23142 22881 13461 21768 23881 6847 10777 13562 3640 5508 32573 27942 2576 13799 28369 2424 17834 2973 21456 8981 23142 22881 13461 21768 23881 6847 10777 13562 3640 5508 32573 27942 2576 13799 28369 2424 17834 2973 21456 8981 23142 22881 13461 21768 23881 6847 10777 13562 0 5508 32573 27942 
2576 13799 28369 2424 17834 2973 21456 8981 23142 22881 13461 21768 23881 6847 10777 13562 3640 5508 32573 27942 2576 13799 28369 2424 17834 2973 21456 8981 23142 22881 13461 21768 23881 6847 10777 13562 3640 5508 32573 27942 2576 13799 28369 2424 17834 2973 21456 8981 23142 22881 13461 21768 23881 6847 10777 13562 3640 5508 32573 27942 2576 13799 28369 2424 17834 2973 21456 8981 23142 22881 13461 21768 23881 6847 10777 13562 3640 5508 32573 27942 2576 13799 28369 2424 17834 2973 21456 8981 23142 22881 13461 21768 23881 6847 10777 13562 3640 0 32573 27942 
2576 13799 28369 2424 17834 2973 21456 8981 23142 22881 13461 21768 23881 6847 10777 13562 3640 5508 32573 27942 2576 13799 28369 2424 17834 2973 21456 8981 23142 22881 13461 21768 23881 6847 10777 13562 3640 5508 32573 27942 2576 13799 28369 2424 17834 2973 21456 8981 23142 22881 13461 21768 23881 6847 10777 13562 3640 5508 32573 27942 2576 13799 28369 2424 17834 2973 21456 8981 23142 22881 13461 21768 23881 6847 10777 13562 3640 5508 32573 27942 2576 13799 28369 2424 17834 2973 21456 8981 23142 22881 13461 21768 23881 6847 10777 13562 3640 5508 0 27942 
2576 13799 28369 2424 17834 2973 21456 8981 23142 22881 13461 21768 23881 6847 10777 13562 3640 5508 32573 27942 2576 13799 28369 2424 17834 2973 21456 8981 23142 22881 13461 21768 23881 6847 10777 13562 3640 5508 32573 27942 2576 13799 28369 2424 17834 2973 21456 8981 23142 22881 13461 21768 23881 6847 10777 13562 3640 5508 32573 27942 2576 13799 28369 2424 17834 2973 21456 8981 23142 22881 13461 21768 23881 6847 10777 13562 3640 5508 32573 27942 2576 13799 28369 2424 17834 2973 21456 8981 23142 22881 13461 21768 23881 6847 10777 13562 3640 5508 32573 0 